pc,depth,opcode,gas,output
0,1,CALLDATASIZE,247410,2,
1,1,PUSH1,247408,3,0x0
3,1,DUP1,247405,3,
4,1,CALLDATACOPY,247402,39,offset:0;length:164;data:b61d27f60000000000000000000000007e1f96de76715323e90cf5138ea516ad8528d407000000000000000000000000000000000000000000000015af1d78b58c400000000000000000000000000000000000000000000000000000000000000000006000000000000000000000000000000000000000000000000000000000000000000000000000000000000000000000000000000000000000000000000000000000
5,1,PUSH1,247363,3,0x20
7,1,PUSH1,247360,3,0x0
9,1,CALLDATASIZE,247357,2,
10,1,PUSH1,247355,3,0x0
12,1,CALLVALUE,247352,2,
13,1,PUSH20,247350,3,0x273930d21e01ee25e4c219b63259d214872220a2
34,1,PUSH2,247347,3,0x235a
37,1,GAS,247344,2,
38,1,SUB,247342,3,
39,1,CALLCODE,247339,238332,
0,2,PUSH1,238292,3,0x60
2,2,PUSH1,238289,3,0x40
4,2,MSTORE,238286,12,0x40:0x60
5,2,CALLDATASIZE,238274,2,
6,2,ISZERO,238272,3,
7,2,PUSH2,238269,3,0xda
10,2,JUMPI,238266,10,Pos:0xda;Cond:0x0
11,2,PUSH1,238256,3,0xe0
13,2,PUSH1,238253,3,0x2
15,2,EXP,238250,20,
16,2,PUSH1,238230,3,0x0
18,2,CALLDATALOAD,238227,3,b61d27f60000000000000000000000007e1f96de76715323e90cf5138ea516ad
19,2,DIV,238224,5,
20,2,PUSH4,238219,3,0x173825d9
25,2,DUP2,238216,3,
26,2,EQ,238213,3,
27,2,PUSH2,238210,3,0x12c
30,2,JUMPI,238207,10,Pos:0x12c;Cond:0x0
31,2,DUP1,238197,3,
32,2,PUSH4,238194,3,0x2f54bf6e
37,2,EQ,238191,3,
38,2,PUSH2,238188,3,0x187
41,2,JUMPI,238185,10,Pos:0x187;Cond:0x0
42,2,DUP1,238175,3,
43,2,PUSH4,238172,3,0x4123cb6b
48,2,EQ,238169,3,
49,2,PUSH2,238166,3,0x1af
52,2,JUMPI,238163,10,Pos:0x1af;Cond:0x0
53,2,DUP1,238153,3,
54,2,PUSH4,238150,3,0x52375093
59,2,EQ,238147,3,
60,2,PUSH2,238144,3,0x1b8
63,2,JUMPI,238141,10,Pos:0x1b8;Cond:0x0
64,2,DUP1,238131,3,
65,2,PUSH4,238128,3,0x54fd4d50
70,2,EQ,238125,3,
71,2,PUSH2,238122,3,0x1c2
74,2,JUMPI,238119,10,Pos:0x1c2;Cond:0x0
75,2,DUP1,238109,3,
76,2,PUSH4,238106,3,0x5c52c2f5
81,2,EQ,238103,3,
82,2,PUSH2,238100,3,0x1cc
85,2,JUMPI,238097,10,Pos:0x1cc;Cond:0x0
86,2,DUP1,238087,3,
87,2,PUSH4,238084,3,0x659010e7
92,2,EQ,238081,3,
93,2,PUSH2,238078,3,0x1fd
96,2,JUMPI,238075,10,Pos:0x1fd;Cond:0x0
97,2,DUP1,238065,3,
98,2,PUSH4,238062,3,0x7065cb48
103,2,EQ,238059,3,
104,2,PUSH2,238056,3,0x207
107,2,JUMPI,238053,10,Pos:0x207;Cond:0x0
108,2,DUP1,238043,3,
109,2,PUSH4,238040,3,0x746c9171
114,2,EQ,238037,3,
115,2,PUSH2,238034,3,0x23b
118,2,JUMPI,238031,10,Pos:0x23b;Cond:0x0
119,2,DUP1,238021,3,
120,2,PUSH4,238018,3,0x797af627
125,2,EQ,238015,3,
126,2,PUSH2,238012,3,0x244
129,2,JUMPI,238009,10,Pos:0x244;Cond:0x0
130,2,DUP1,237999,3,
131,2,PUSH4,237996,3,0xb20d30a9
136,2,EQ,237993,3,
137,2,PUSH2,237990,3,0x257
140,2,JUMPI,237987,10,Pos:0x257;Cond:0x0
141,2,DUP1,237977,3,
142,2,PUSH4,237974,3,0xb61d27f6
147,2,EQ,237971,3,
148,2,PUSH2,237968,3,0x28b
151,2,JUMPI,237965,10,Pos:0x28b;Cond:0x1
651,2,JUMPDEST,237955,1,0x28b
652,2,PUSH2,237954,3,0x3c6
655,2,PUSH1,237951,3,0x4
657,2,DUP1,237948,3,
658,2,CALLDATALOAD,237945,3,0000000000000000000000007e1f96de76715323e90cf5138ea516ad8528d407
659,2,SWAP1,237942,3,
660,2,PUSH1,237939,3,0x24
662,2,DUP1,237936,3,
663,2,CALLDATALOAD,237933,3,000000000000000000000000000000000000000000000015af1d78b58c400000
664,2,SWAP2,237930,3,
665,2,PUSH1,237927,3,0x44
667,2,CALLDATALOAD,237924,3,0000000000000000000000000000000000000000000000000000000000000060
668,2,SWAP2,237921,3,
669,2,DUP3,237918,3,
670,2,ADD,237915,3,
671,2,SWAP2,237912,3,
672,2,ADD,237909,3,
673,2,CALLDATALOAD,237906,3,0000000000000000000000000000000000000000000000000000000000000000
674,2,PUSH1,237903,3,0x0
676,2,PUSH2,237900,3,0x839
679,2,ORIGIN,237897,2,
680,2,PUSH2,237895,3,0x18e
683,2,JUMP,237892,8,0x18e
398,2,JUMPDEST,237884,1,0x18e
399,2,PUSH1,237883,3,0x1
401,2,PUSH1,237880,3,0xa0
403,2,PUSH1,237877,3,0x2
405,2,EXP,237874,20,
406,2,SUB,237854,3,
407,2,DUP2,237851,3,
408,2,AND,237848,3,
409,2,PUSH1,237845,3,0x0
411,2,SWAP1,237842,3,
412,2,DUP2,237839,3,
413,2,MSTORE,237836,3,0x0:0x5212ee5ed3bc89ed3d2706ee5f364290b9b663d1
414,2,PUSH2,237833,3,0x102
417,2,PUSH1,237830,3,0x20
419,2,MSTORE,237827,3,0x20:0x102
420,2,PUSH1,237824,3,0x40
422,2,DUP2,237821,3,
423,2,KECCAK256,237818,42,0xb30f7f7ae56fdca8133ffd0f996774ce24cfde1ce9e35b14ddff3020986f89ca
424,2,SLOAD,237776,50,0x4:0x0000000000000000000000000000000000000000000000000000000000000004
425,2,GT,237726,3,
426,2,JUMPDEST,237723,1,0x1aa
427,2,SWAP2,237722,3,
428,2,SWAP1,237719,3,
429,2,POP,237716,2,0x5212ee5ed3bc89ed3d2706ee5f364290b9b663d1
430,2,JUMP,237714,8,0x839
2105,2,JUMPDEST,237706,1,0x839
2106,2,ISZERO,237705,3,
2107,2,PUSH2,237702,3,0xa55
2110,2,JUMPI,237699,10,Pos:0xa55;Cond:0x0
2111,2,PUSH2,237689,3,0x84d
2114,2,DUP5,237686,3,
2115,2,PUSH1,237683,3,0x0
2117,2,PUSH2,237680,3,0xe79
2120,2,ORIGIN,237677,2,
2121,2,PUSH2,237675,3,0x18e
2124,2,JUMP,237672,8,0x18e
398,2,JUMPDEST,237664,1,0x18e
399,2,PUSH1,237663,3,0x1
401,2,PUSH1,237660,3,0xa0
403,2,PUSH1,237657,3,0x2
405,2,EXP,237654,20,
406,2,SUB,237634,3,
407,2,DUP2,237631,3,
408,2,AND,237628,3,
409,2,PUSH1,237625,3,0x0
411,2,SWAP1,237622,3,
412,2,DUP2,237619,3,
413,2,MSTORE,237616,3,0x0:0x5212ee5ed3bc89ed3d2706ee5f364290b9b663d1
414,2,PUSH2,237613,3,0x102
417,2,PUSH1,237610,3,0x20
419,2,MSTORE,237607,3,0x20:0x102
420,2,PUSH1,237604,3,0x40
422,2,DUP2,237601,3,
423,2,KECCAK256,237598,42,0xb30f7f7ae56fdca8133ffd0f996774ce24cfde1ce9e35b14ddff3020986f89ca
424,2,SLOAD,237556,50,0x4:0x0000000000000000000000000000000000000000000000000000000000000004
425,2,GT,237506,3,
426,2,JUMPDEST,237503,1,0x1aa
427,2,SWAP2,237502,3,
428,2,SWAP1,237499,3,
429,2,POP,237496,2,0x5212ee5ed3bc89ed3d2706ee5f364290b9b663d1
430,2,JUMP,237494,8,0xe79
3705,2,JUMPDEST,237486,1,0xe79
3706,2,ISZERO,237485,3,
3707,2,PUSH2,237482,3,0x1aa
3710,2,JUMPI,237479,10,Pos:0x1aa;Cond:0x0
3711,2,PUSH2,237469,3,0x107
3714,2,SLOAD,237466,50,0x4249:0x0000000000000000000000000000000000000000000000000000000000004249
3715,2,PUSH2,237416,3,0xe8f
3718,2,JUMPDEST,237413,1,0xe86
3719,2,PUSH3,237412,3,0x15180
3723,2,TIMESTAMP,237409,2,
3724,2,DIV,237407,5,
3725,2,SWAP1,237402,3,
3726,2,JUMP,237399,8,0xe8f
3727,2,JUMPDEST,237391,1,0xe8f
3728,2,GT,237390,3,
3729,2,ISZERO,237387,3,
3730,2,PUSH2,237384,3,0xea8
3733,2,JUMPI,237381,10,Pos:0xea8;Cond:0x1
3752,2,JUMPDEST,237371,1,0xea8
3753,2,PUSH2,237370,3,0x106
3756,2,SLOAD,237367,50,0x0:0x0000000000000000000000000000000000000000000000000000000000000000
3757,2,DUP1,237317,3,
3758,2,DUP4,237314,3,
3759,2,ADD,237311,3,
3760,2,LT,237308,3,
3761,2,DUP1,237305,3,
3762,2,ISZERO,237302,3,
3763,2,SWAP1,237299,3,
3764,2,PUSH2,237296,3,0xec6
3767,2,JUMPI,237293,10,Pos:0xec6;Cond:0x0
3768,2,POP,237283,2,0x1
3769,2,PUSH2,237281,3,0x106
3772,2,SLOAD,237278,50,0x0:0x0000000000000000000000000000000000000000000000000000000000000000
3773,2,PUSH2,237228,3,0x105
3776,2,SLOAD,237225,50,0xde0b6b3a7640000:0x0000000000000000000000000000000000000000000000000de0b6b3a7640000
3777,2,SWAP1,237175,3,
3778,2,DUP4,237172,3,
3779,2,ADD,237169,3,
3780,2,GT,237166,3,
3781,2,ISZERO,237163,3,
3782,2,JUMPDEST,237160,1,0xec6
3783,2,ISZERO,237159,3,
3784,2,PUSH2,237156,3,0xedc
3787,2,JUMPI,237153,10,Pos:0xedc;Cond:0x1
3804,2,JUMPDEST,237143,1,0xedc
3805,2,POP,237142,2,0x0
3806,2,PUSH1,237140,3,0x0
3808,2,PUSH2,237137,3,0x1aa
3811,2,JUMP,237134,8,0x1aa
426,2,JUMPDEST,237126,1,0x1aa
427,2,SWAP2,237125,3,
428,2,SWAP1,237122,3,
429,2,POP,237119,2,0x15af1d78b58c400000
430,2,JUMP,237117,8,0x84d
2125,2,JUMPDEST,237109,1,0x84d
2126,2,ISZERO,237108,3,
2127,2,PUSH2,237105,3,0x909
2130,2,JUMPI,237102,10,Pos:0x909;Cond:0x1
2313,2,JUMPDEST,237092,1,0x909
2314,2,PUSH1,237091,3,0x0
2316,2,CALLDATASIZE,237088,2,
2317,2,NUMBER,237086,2,
2318,2,PUSH1,237084,3,0x40
2320,2,MLOAD,237081,3,64:0x60
2321,2,DUP1,237078,3,
2322,2,DUP5,237075,3,
2323,2,DUP5,237072,3,
2324,2,DUP1,237069,3,
2325,2,DUP3,237066,3,
2326,2,DUP5,237063,3,
2327,2,CALLDATACOPY,237060,39,offset:60;length:164;data:b61d27f60000000000000000000000007e1f96de76715323e90cf5138ea516ad8528d407000000000000000000000000000000000000000000000015af1d78b58c400000000000000000000000000000000000000000000000000000000000000000006000000000000000000000000000000000000000000000000000000000000000000000000000000000000000000000000000000000000000000000000000000000
2328,2,POP,237021,2,0xa4
2329,2,POP,237019,2,0x0
2330,2,POP,237017,2,0x60
2331,2,SWAP1,237015,3,
2332,2,SWAP2,237012,3,
2333,2,ADD,237009,3,
2334,2,SWAP1,237006,3,
2335,2,DUP2,237003,3,
2336,2,MSTORE,237000,6,0x104:0x1a424d
2337,2,PUSH1,236994,3,0x40
2339,2,MLOAD,236991,3,64:0x60
2340,2,SWAP1,236988,3,
2341,2,DUP2,236985,3,
2342,2,SWAP1,236982,3,
2343,2,SUB,236979,3,
2344,2,PUSH1,236976,3,0x20
2346,2,ADD,236973,3,
2347,2,SWAP1,236970,3,
2348,2,KECCAK256,236967,72,0xa5ea6af12a4f270228f3193b69edba21db806d33570a42e0566bdb30d0004d78
2349,2,SWAP2,236895,3,
2350,2,POP,236892,2,0x0
2351,2,PUSH2,236890,3,0x939
2354,2,SWAP1,236887,3,
2355,2,POP,236884,2,0x0
2356,2,DUP2,236882,3,
2357,2,PUSH2,236879,3,0x24b
2360,2,JUMP,236876,8,0x24b
587,2,JUMPDEST,236868,1,0x24b
588,2,PUSH1,236867,3,0x0
590,2,DUP2,236864,3,
591,2,PUSH2,236861,3,0xa7d
594,2,DUP2,236858,3,
595,2,PUSH2,236855,3,0x15e
598,2,JUMP,236852,8,0x15e
350,2,JUMPDEST,236844,1,0x15e
351,2,PUSH1,236843,3,0x1
353,2,PUSH1,236840,3,0xa0
355,2,PUSH1,236837,3,0x2
357,2,EXP,236834,20,
358,2,SUB,236814,3,
359,2,ORIGIN,236811,2,
360,2,AND,236809,3,
361,2,PUSH1,236806,3,0x0
363,2,SWAP1,236803,3,
364,2,DUP2,236800,3,
365,2,MSTORE,236797,3,0x0:0x5212ee5ed3bc89ed3d2706ee5f364290b9b663d1
366,2,PUSH2,236794,3,0x102
369,2,PUSH1,236791,3,0x20
371,2,MSTORE,236788,3,0x20:0x102
372,2,PUSH1,236785,3,0x40
374,2,DUP2,236782,3,
375,2,KECCAK256,236779,42,0xb30f7f7ae56fdca8133ffd0f996774ce24cfde1ce9e35b14ddff3020986f89ca
376,2,SLOAD,236737,50,0x4:0x0000000000000000000000000000000000000000000000000000000000000004
377,2,DUP2,236687,3,
378,2,DUP1,236684,3,
379,2,DUP3,236681,3,
380,2,DUP2,236678,3,
381,2,EQ,236675,3,
382,2,ISZERO,236672,3,
383,2,PUSH2,236669,3,0xc3f
386,2,JUMPI,236666,10,Pos:0xc3f;Cond:0x1
3135,2,JUMPDEST,236656,1,0xc3f
3136,2,PUSH1,236655,3,0x0
3138,2,DUP6,236652,3,
3139,2,DUP2,236649,3,
3140,2,MSTORE,236646,3,0x0:0xa5ea6af12a4f270228f3193b69edba21db806d33570a42e0566bdb30d0004d78
3141,2,PUSH2,236643,3,0x103
3144,2,PUSH1,236640,3,0x20
3146,2,MSTORE,236637,3,0x20:0x103
3147,2,PUSH1,236634,3,0x40
3149,2,DUP2,236631,3,
3150,2,KECCAK256,236628,42,0xf7e5ec848945406392e5d5e15faf642182de10352a02de5d3a180bf01dca22d4
3151,2,DUP1,236586,3,
3152,2,SLOAD,236583,50,0x0:0x0000000000000000000000000000000000000000000000000000000000000000
3153,2,SWAP1,236533,3,
3154,2,SWAP4,236530,3,
3155,2,POP,236527,2,0x0
3156,2,EQ,236525,3,
3157,2,ISZERO,236522,3,
3158,2,PUSH2,236519,3,0xcc7
3161,2,JUMPI,236516,10,Pos:0xcc7;Cond:0x0
3162,2,PUSH1,236506,3,0x0
3164,2,DUP1,236503,3,
3165,2,SLOAD,236500,50,0x2:0x0000000000000000000000000000000000000000000000000000000000000002
3166,2,DUP4,236450,3,
3167,2,SSTORE,236447,20000,0xf7e5ec848945406392e5d5e15faf642182de10352a02de5d3a180bf01dca22d4:0x2
3168,2,PUSH1,216447,3,0x1
3170,2,DUP4,216444,3,
3171,2,DUP2,216441,3,
3172,2,ADD,216438,3,
3173,2,SWAP2,216435,3,
3174,2,SWAP1,216432,3,
3175,2,SWAP2,216429,3,
3176,2,SSTORE,216426,5000,0xf7e5ec848945406392e5d5e15faf642182de10352a02de5d3a180bf01dca22d5:0x0
3177,2,PUSH2,211426,3,0x104
3180,2,DUP1,211423,3,
3181,2,SLOAD,211420,50,0x6:0x0000000000000000000000000000000000000000000000000000000000000006
3182,2,SWAP2,211370,3,
3183,2,DUP3,211367,3,
3184,2,ADD,211364,3,
3185,2,DUP1,211361,3,
3186,2,DUP3,211358,3,
3187,2,SSTORE,211355,5000,0x104:0x7
3188,2,DUP3,206355,3,
3189,2,DUP1,206352,3,
3190,2,ISZERO,206349,3,
3191,2,DUP3,206346,3,
3192,2,SWAP1,206343,3,
3193,2,GT,206340,3,
3194,2,PUSH2,206337,3,0xc96
3197,2,JUMPI,206334,10,Pos:0xc96;Cond:0x0
3198,2,DUP2,206324,3,
3199,2,DUP4,206321,3,
3200,2,PUSH1,206318,3,0x0
3202,2,MSTORE,206315,3,0x0:0x104
3203,2,PUSH1,206312,3,0x20
3205,2,PUSH1,206309,3,0x0
3207,2,KECCAK256,206306,36,0x4c0be60200faa20559308cb7b5a1bb3255c16cb1cab91f525b5ae7a03d02fabe
3208,2,SWAP2,206270,3,
3209,2,DUP3,206267,3,
3210,2,ADD,206264,3,
3211,2,SWAP2,206261,3,
3212,2,ADD,206258,3,
3213,2,PUSH2,206255,3,0xc96
3216,2,SWAP2,206252,3,
3217,2,SWAP1,206249,3,
3218,2,PUSH2,206246,3,0xa65
3221,2,JUMP,206243,8,0xa65
2661,2,JUMPDEST,206235,1,0xa65
2662,2,DUP1,206234,3,
2663,2,DUP3,206231,3,
2664,2,GT,206228,3,
2665,2,ISZERO,206225,3,
2666,2,PUSH2,206222,3,0xa79
2669,2,JUMPI,206219,10,Pos:0xa79;Cond:0x1
2681,2,JUMPDEST,206209,1,0xa79
2682,2,POP,206208,2,0x4c0be60200faa20559308cb7b5a1bb3255c16cb1cab91f525b5ae7a03d02fac5
2683,2,SWAP1,206206,3,
2684,2,JUMP,206203,8,0xc96
3222,2,JUMPDEST,206195,1,0xc96
3223,2,POP,206194,2,0x4c0be60200faa20559308cb7b5a1bb3255c16cb1cab91f525b5ae7a03d02fac4
3224,2,POP,206192,2,0x7
3225,2,POP,206190,2,0x104
3226,2,PUSH1,206188,3,0x2
3228,2,DUP4,206185,3,
3229,2,ADD,206182,3,
3230,2,DUP2,206179,3,
3231,2,SWAP1,206176,3,
3232,2,SSTORE,206173,20000,0xf7e5ec848945406392e5d5e15faf642182de10352a02de5d3a180bf01dca22d6:0x6
3233,2,PUSH2,186173,3,0x104
3236,2,DUP1,186170,3,
3237,2,SLOAD,186167,50,0x7:0x0000000000000000000000000000000000000000000000000000000000000007
3238,2,DUP8,186117,3,
3239,2,SWAP3,186114,3,
3240,2,SWAP1,186111,3,
3241,2,DUP2,186108,3,
3242,2,LT,186105,3,
3243,2,ISZERO,186102,3,
3244,2,PUSH2,186099,3,0x2
3247,2,JUMPI,186096,10,Pos:0x2;Cond:0x0
3248,2,PUSH1,186086,3,0x0
3250,2,SWAP2,186083,3,
3251,2,SWAP1,186080,3,
3252,2,SWAP2,186077,3,
3253,2,MSTORE,186074,3,0x0:0x104
3254,2,PUSH1,186071,3,0x0
3256,2,DUP1,186068,3,
3257,2,MLOAD,186065,3,0:0x104
3258,2,PUSH1,186062,3,0x20
3260,2,PUSH2,186059,3,0xf9f
3263,2,DUP4,186056,3,
3264,2,CODECOPY,186053,6,
3265,2,DUP2,186047,3,
3266,2,MLOAD,186044,3,0:0x4c0be60200faa20559308cb7b5a1bb3255c16cb1cab91f525b5ae7a03d02fabe
3267,2,SWAP2,186041,3,
3268,2,MSTORE,186038,3,0x0:0x104
3269,2,ADD,186035,3,
3270,2,SSTORE,186032,20000,0x4c0be60200faa20559308cb7b5a1bb3255c16cb1cab91f525b5ae7a03d02fac4:0xa5ea6af12a4f270228f3193b69edba21db806d33570a42e0566bdb30d0004d78
3271,2,JUMPDEST,166032,1,0xcc7
3272,2,POP,166031,2,0x0
3273,2,PUSH1,166029,3,0x1
3275,2,DUP2,166026,3,
3276,2,ADD,166023,3,
3277,2,SLOAD,166020,50,0x0:0x0000000000000000000000000000000000000000000000000000000000000000
3278,2,PUSH1,165970,3,0x2
3280,2,DUP4,165967,3,
3281,2,SWAP1,165964,3,
3282,2,EXP,165961,20,
3283,2,SWAP1,165941,3,
3284,2,DUP2,165938,3,
3285,2,AND,165935,3,
3286,2,PUSH1,165932,3,0x0
3288,2,EQ,165929,3,
3289,2,ISZERO,165926,3,
3290,2,PUSH2,165923,3,0xd97
3293,2,JUMPI,165920,10,Pos:0xd97;Cond:0x0
3294,2,PUSH1,165910,3,0x40
3296,2,DUP1,165907,3,
3297,2,MLOAD,165904,3,64:0x60
3298,2,PUSH1,165901,3,0x1
3300,2,PUSH1,165898,3,0xa0
3302,2,PUSH1,165895,3,0x2
3304,2,EXP,165892,20,
3305,2,SUB,165872,3,
3306,2,ORIGIN,165869,2,
3307,2,AND,165867,3,
3308,2,DUP2,165864,3,
3309,2,MSTORE,165861,3,0x60:0x5212ee5ed3bc89ed3d2706ee5f364290b9b663d1
3310,2,PUSH1,165858,3,0x20
3312,2,DUP2,165855,3,
3313,2,ADD,165852,3,
3314,2,DUP8,165849,3,
3315,2,SWAP1,165846,3,
3316,2,MSTORE,165843,3,0x80:0xa5ea6af12a4f270228f3193b69edba21db806d33570a42e0566bdb30d0004d78
3317,2,DUP2,165840,3,
3318,2,MLOAD,165837,3,64:0x60
3319,2,PUSH32,165834,3,0xe1c52dc63b719ade82e8bea94cc41a0d5d28e4aaf536adb5e9cccc9ff8c1aeda
3352,2,SWAP3,165831,3,
3353,2,SWAP2,165828,3,
3354,2,DUP2,165825,3,
3355,2,SWAP1,165822,3,
3356,2,SUB,165819,3,
3357,2,SWAP1,165816,3,
3358,2,SWAP2,165813,3,
3359,2,ADD,165810,3,
3360,2,SWAP1,165807,3,
3361,2,LOG1,165804,1262,
3362,2,DUP2,164542,3,
3363,2,SLOAD,164539,50,0x2:0x0000000000000000000000000000000000000000000000000000000000000002
3364,2,PUSH1,164489,3,0x1
3366,2,SWAP1,164486,3,
3367,2,GT,164483,3,
3368,2,PUSH2,164480,3,0xd84
3371,2,JUMPI,164477,10,Pos:0xd84;Cond:0x1
3460,2,JUMPDEST,164467,1,0xd84
3461,2,DUP2,164466,3,
3462,2,SLOAD,164463,50,0x2:0x0000000000000000000000000000000000000000000000000000000000000002
3463,2,PUSH1,164413,3,0x0
3465,2,NOT,164410,3,
3466,2,ADD,164407,3,
3467,2,DUP3,164404,3,
3468,2,SSTORE,164401,5000,0xf7e5ec848945406392e5d5e15faf642182de10352a02de5d3a180bf01dca22d4:0x1
3469,2,PUSH1,159401,3,0x1
3471,2,DUP3,159398,3,
3472,2,ADD,159395,3,
3473,2,DUP1,159392,3,
3474,2,SLOAD,159389,50,0x0:0x0000000000000000000000000000000000000000000000000000000000000000
3475,2,DUP3,159339,3,
3476,2,OR,159336,3,
3477,2,SWAP1,159333,3,
3478,2,SSTORE,159330,20000,0xf7e5ec848945406392e5d5e15faf642182de10352a02de5d3a180bf01dca22d5:0x10
3479,2,JUMPDEST,139330,1,0xd97
3480,2,POP,139329,2,0x10
3481,2,POP,139327,2,0xf7e5ec848945406392e5d5e15faf642182de10352a02de5d3a180bf01dca22d4
3482,2,POP,139325,2,0x4
3483,2,SWAP2,139323,3,
3484,2,SWAP1,139320,3,
3485,2,POP,139317,2,0xa5ea6af12a4f270228f3193b69edba21db806d33570a42e0566bdb30d0004d78
3486,2,JUMP,139315,8,0xa7d
2685,2,JUMPDEST,139307,1,0xa7d
2686,2,ISZERO,139306,3,
2687,2,PUSH2,139303,3,0xc2c
2690,2,JUMPI,139300,10,Pos:0xc2c;Cond:0x1
3116,2,JUMPDEST,139290,1,0xc2c
3117,2,POP,139289,2,0xa5ea6af12a4f270228f3193b69edba21db806d33570a42e0566bdb30d0004d78
3118,2,SWAP2,139287,3,
3119,2,SWAP1,139284,3,
3120,2,POP,139281,2,0xa5ea6af12a4f270228f3193b69edba21db806d33570a42e0566bdb30d0004d78
3121,2,JUMP,139279,8,0x939
2361,2,JUMPDEST,139271,1,0x939
2362,2,ISZERO,139270,3,
2363,2,DUP1,139267,3,
2364,2,ISZERO,139264,3,
2365,2,PUSH2,139261,3,0x95c
2368,2,JUMPI,139258,10,Pos:0x95c;Cond:0x0
2369,2,POP,139248,2,0x1
2370,2,PUSH1,139246,3,0x0
2372,2,DUP2,139243,3,
2373,2,DUP2,139240,3,
2374,2,MSTORE,139237,3,0x0:0xa5ea6af12a4f270228f3193b69edba21db806d33570a42e0566bdb30d0004d78
2375,2,PUSH2,139234,3,0x109
2378,2,PUSH1,139231,3,0x20
2380,2,MSTORE,139228,3,0x20:0x109
2381,2,PUSH1,139225,3,0x40
2383,2,DUP2,139222,3,
2384,2,KECCAK256,139219,42,0x4d230f6124deb5a1e4e8cb554b130a9658a405eaacec8b5e09bbc6cf74b2dcf6
2385,2,SLOAD,139177,50,0x0:0x0000000000000000000000000000000000000000000000000000000000000000
2386,2,PUSH1,139127,3,0x1
2388,2,PUSH1,139124,3,0xa0
2390,2,PUSH1,139121,3,0x2
2392,2,EXP,139118,20,
2393,2,SUB,139098,3,
2394,2,AND,139095,3,
2395,2,EQ,139092,3,
2396,2,JUMPDEST,139089,1,0x95c
2397,2,ISZERO,139088,3,
2398,2,PUSH2,139085,3,0xa55
2401,2,JUMPI,139082,10,Pos:0xa55;Cond:0x0
2402,2,PUSH1,139072,3,0x0
2404,2,DUP2,139069,3,
2405,2,DUP2,139066,3,
2406,2,MSTORE,139063,3,0x0:0xa5ea6af12a4f270228f3193b69edba21db806d33570a42e0566bdb30d0004d78
2407,2,PUSH2,139060,3,0x109
2410,2,PUSH1,139057,3,0x20
2412,2,SWAP1,139054,3,
2413,2,DUP2,139051,3,
2414,2,MSTORE,139048,3,0x20:0x109
2415,2,PUSH1,139045,3,0x40
2417,2,DUP3,139042,3,
2418,2,KECCAK256,139039,42,0x4d230f6124deb5a1e4e8cb554b130a9658a405eaacec8b5e09bbc6cf74b2dcf6
2419,2,DUP1,138997,3,
2420,2,SLOAD,138994,50,0x0:0x0000000000000000000000000000000000000000000000000000000000000000
2421,2,PUSH1,138944,3,0x1
2423,2,PUSH1,138941,3,0xa0
2425,2,PUSH1,138938,3,0x2
2427,2,EXP,138935,20,
2428,2,SUB,138915,3,
2429,2,NOT,138912,3,
2430,2,AND,138909,3,
2431,2,DUP9,138906,3,
2432,2,OR,138903,3,
2433,2,DUP2,138900,3,
2434,2,SSTORE,138897,20000,0x4d230f6124deb5a1e4e8cb554b130a9658a405eaacec8b5e09bbc6cf74b2dcf6:0x7e1f96de76715323e90cf5138ea516ad8528d407
2435,2,PUSH1,118897,3,0x1
2437,2,DUP2,118894,3,
2438,2,ADD,118891,3,
2439,2,DUP8,118888,3,
2440,2,SWAP1,118885,3,
2441,2,SSTORE,118882,20000,0x4d230f6124deb5a1e4e8cb554b130a9658a405eaacec8b5e09bbc6cf74b2dcf7:0x15af1d78b58c400000
2442,2,PUSH1,98882,3,0x2
2444,2,ADD,98879,3,
2445,2,DUP1,98876,3,
2446,2,SLOAD,98873,50,0x0:0x0000000000000000000000000000000000000000000000000000000000000000
2447,2,DUP6,98823,3,
2448,2,DUP3,98820,3,
2449,2,SSTORE,98817,5000,0x4d230f6124deb5a1e4e8cb554b130a9658a405eaacec8b5e09bbc6cf74b2dcf8:0x0
2450,2,DUP2,93817,3,
2451,2,DUP5,93814,3,
2452,2,MSTORE,93811,3,0x0:0x4d230f6124deb5a1e4e8cb554b130a9658a405eaacec8b5e09bbc6cf74b2dcf8
2453,2,SWAP3,93808,3,
2454,2,DUP3,93805,3,
2455,2,SWAP1,93802,3,
2456,2,KECCAK256,93799,36,0x5b196714cf8f721b1d5eacf860dc3be07f4fa8245e5b92fc71f116c79e807308
2457,2,SWAP1,93763,3,
2458,2,SWAP3,93760,3,
2459,2,PUSH1,93757,3,0x1f
2461,2,ADD,93754,3,
2462,2,SWAP2,93751,3,
2463,2,SWAP1,93748,3,
2464,2,SWAP2,93745,3,
2465,2,DIV,93742,5,
2466,2,DUP2,93737,3,
2467,2,ADD,93734,3,
2468,2,SWAP1,93731,3,
2469,2,DUP5,93728,3,
2470,2,SWAP1,93725,3,
2471,2,DUP7,93722,3,
2472,2,DUP3,93719,3,
2473,2,ISZERO,93716,3,
2474,2,PUSH2,93713,3,0xa5d
2477,2,JUMPI,93710,10,Pos:0xa5d;Cond:0x1
2653,2,JUMPDEST,93700,1,0xa5d
2654,2,POP,93699,2,0x84
2655,2,PUSH2,93697,3,0x9cf
2658,2,SWAP3,93694,3,
2659,2,SWAP2,93691,3,
2660,2,POP,93688,2,0x0
2661,2,JUMPDEST,93686,1,0xa65
2662,2,DUP1,93685,3,
2663,2,DUP3,93682,3,
2664,2,GT,93679,3,
2665,2,ISZERO,93676,3,
2666,2,PUSH2,93673,3,0xa79
2669,2,JUMPI,93670,10,Pos:0xa79;Cond:0x1
2681,2,JUMPDEST,93660,1,0xa79
2682,2,POP,93659,2,0x5b196714cf8f721b1d5eacf860dc3be07f4fa8245e5b92fc71f116c79e807308
2683,2,SWAP1,93657,3,
2684,2,JUMP,93654,8,0x9cf
2511,2,JUMPDEST,93646,1,0x9cf
2512,2,POP,93645,2,0x5b196714cf8f721b1d5eacf860dc3be07f4fa8245e5b92fc71f116c79e807308
2513,2,POP,93643,2,0x4d230f6124deb5a1e4e8cb554b130a9658a405eaacec8b5e09bbc6cf74b2dcf8
2514,2,PUSH32,93641,3,0x1733cbb53659d713b79580f79f3f9ff215f78a7c7aa45890f3b89fc5cddfbf32
2547,2,DUP2,93638,3,
2548,2,ORIGIN,93635,2,
2549,2,DUP7,93633,3,
2550,2,DUP9,93630,3,
2551,2,DUP8,93627,3,
2552,2,DUP8,93624,3,
2553,2,PUSH1,93621,3,0x40
2555,2,MLOAD,93618,3,64:0x60
2556,2,DUP1,93615,3,
2557,2,DUP8,93612,3,
2558,2,DUP2,93609,3,
2559,2,MSTORE,93606,3,0x60:0xa5ea6af12a4f270228f3193b69edba21db806d33570a42e0566bdb30d0004d78
2560,2,PUSH1,93603,3,0x20
2562,2,ADD,93600,3,
2563,2,DUP7,93597,3,
2564,2,PUSH1,93594,3,0x1
2566,2,PUSH1,93591,3,0xa0
2568,2,PUSH1,93588,3,0x2
2570,2,EXP,93585,20,
2571,2,SUB,93565,3,
2572,2,AND,93562,3,
2573,2,DUP2,93559,3,
2574,2,MSTORE,93556,3,0x80:0x5212ee5ed3bc89ed3d2706ee5f364290b9b663d1
2575,2,PUSH1,93553,3,0x20
2577,2,ADD,93550,3,
2578,2,DUP6,93547,3,
2579,2,DUP2,93544,3,
2580,2,MSTORE,93541,3,0xa0:0x15af1d78b58c400000
2581,2,PUSH1,93538,3,0x20
2583,2,ADD,93535,3,
2584,2,DUP5,93532,3,
2585,2,PUSH1,93529,3,0x1
2587,2,PUSH1,93526,3,0xa0
2589,2,PUSH1,93523,3,0x2
2591,2,EXP,93520,20,
2592,2,SUB,93500,3,
2593,2,AND,93497,3,
2594,2,DUP2,93494,3,
2595,2,MSTORE,93491,3,0xc0:0x7e1f96de76715323e90cf5138ea516ad8528d407
2596,2,PUSH1,93488,3,0x20
2598,2,ADD,93485,3,
2599,2,DUP1,93482,3,
2600,2,PUSH1,93479,3,0x20
2602,2,ADD,93476,3,
2603,2,DUP3,93473,3,
2604,2,DUP2,93470,3,
2605,2,SUB,93467,3,
2606,2,DUP3,93464,3,
2607,2,MSTORE,93461,3,0xe0:0xa0
2608,2,DUP5,93458,3,
2609,2,DUP5,93455,3,
2610,2,DUP3,93452,3,
2611,2,DUP2,93449,3,
2612,2,DUP2,93446,3,
2613,2,MSTORE,93443,3,0x100:0x0
2614,2,PUSH1,93440,3,0x20
2616,2,ADD,93437,3,
2617,2,SWAP3,93434,3,
2618,2,POP,93431,2,0x100
2619,2,DUP1,93429,3,
2620,2,DUP3,93426,3,
2621,2,DUP5,93423,3,
2622,2,CALLDATACOPY,93420,3,offset:120;length:0;data:
2623,2,DUP3,93417,3,
2624,2,ADD,93414,3,
2625,2,SWAP2,93411,3,
2626,2,POP,93408,2,0x120
2627,2,POP,93406,2,0x84
2628,2,SWAP8,93404,3,
2629,2,POP,93401,2,0xa5ea6af12a4f270228f3193b69edba21db806d33570a42e0566bdb30d0004d78
2630,2,POP,93399,2,0xe0
2631,2,POP,93397,2,0x60
2632,2,POP,93395,2,0x0
2633,2,POP,93393,2,0x84
2634,2,POP,93391,2,0x7e1f96de76715323e90cf5138ea516ad8528d407
2635,2,POP,93389,2,0x15af1d78b58c400000
2636,2,POP,93387,2,0x5212ee5ed3bc89ed3d2706ee5f364290b9b663d1
2637,2,PUSH1,93385,3,0x40
2639,2,MLOAD,93382,3,64:0x60
2640,2,DUP1,93379,3,
2641,2,SWAP2,93376,3,
2642,2,SUB,93373,3,
2643,2,SWAP1,93370,3,
2644,2,LOG1,93367,2286,
2645,2,JUMPDEST,91081,1,0xa55
2646,2,SWAP5,91080,3,
2647,2,SWAP4,91077,3,
2648,2,POP,91074,2,0x7e1f96de76715323e90cf5138ea516ad8528d407
2649,2,POP,91072,2,0x0
2650,2,POP,91070,2,0x84
2651,2,POP,91068,2,0x15af1d78b58c400000
2652,2,JUMP,91066,8,0x3c6
966,2,JUMPDEST,91058,1,0x3c6
967,2,PUSH1,91057,3,0x40
969,2,DUP1,91054,3,
970,2,MLOAD,91051,3,64:0x60
971,2,SWAP2,91048,3,
972,2,DUP3,91045,3,
973,2,MSTORE,91042,3,0x60:0xa5ea6af12a4f270228f3193b69edba21db806d33570a42e0566bdb30d0004d78
974,2,MLOAD,91039,3,64:0x60
975,2,SWAP1,91036,3,
976,2,DUP2,91033,3,
977,2,SWAP1,91030,3,
978,2,SUB,91027,3,
979,2,PUSH1,91024,3,0x20
981,2,ADD,91021,3,
982,2,SWAP1,91018,3,
983,2,RETURN,91015,0,0xa5ea6af12a4f270228f3193b69edba21db806d33570a42e0566bdb30d0004d78
40,1,ISZERO,100022,3,
41,1,PUSH1,100019,3,0x1
43,1,JUMPI,100016,10,Pos:0x1;Cond:0x0
44,1,PUSH1,100006,3,0x20
46,1,PUSH1,100003,3,0x0
48,1,RETURN,100000,0,a5ea6af12a4f270228f3193b69edba21db806d33570a42e0566bdb30d0004d78